Age	Periodo	Pobh		Pobf		Deathsh	Deathsf
0	1985	312866.00	299184.00	10133	7811
1	1985	1404540.00	1353332.00	3278	2873
5	1985	1750586.00	1694262.00	1268	949
10	1985	1639319.00	1586948.00	1107	697
15	1985	1582367.00	1672504.00	2861	1238
20	1985	1440203.00	1560397.00	5126	1477
25	1985	1151976.00	1265155.00	5009	1456
30	1985	937799.00	969476.00	3914	1390
35	1985	813010.00	851686.00	3304	1674
40	1985	619497.00	605027.00	2883	1735
45	1985	514955.00	529154.00	3211	2271
50	1985	455950.00	463996.00	3852	2938
55	1985	345915.00	348464.00	4652	3512
60	1985	287781.00	290918.00	5697	4511
65	1985	195046.00	204696.00	6294	5232
70	1985	150061.00	155240.00	7335	6109
75	1985	89154.00	95398.00	6558	6102
80	1985	50078.00	62445.00	5275	5565
85	1985	36597.00	51950.00	5082	7165
0	1986	315664.88	301774.75	9086	7099
1	1986	1426364.25	1374236.63	3094	2605
5	1986	1774684.63	1716641.13	1257	833
10	1986	1677811.13	1625251.50	1070	632
15	1986	1586344.50	1674347.13	2991	1191
20	1986	1448709.38	1571381.88	5400	1416
25	1986	1185516.25	1301665.00	5307	1382
30	1986	983554.63	1021970.88	4193	1272
35	1986	843927.88	890149.88	3524	1511
40	1986	650145.50	638303.75	2822	1567
45	1986	531850.50	547221.75	3145	2137
50	1986	468896.00	478494.38	3523	2776
55	1986	354405.38	360084.38	4614	3492
60	1986	300415.88	305725.00	5258	4026
65	1986	203215.88	214022.88	6043	4950
70	1986	156478.50	162844.38	6480	5521
75	1986	93498.25	100537.63	6249	5883
80	1986	52956.63	65746.13	4788	5061
85	1986	38114.88	53966.63	5055	6811
0	1987	318463.75	304365.50	9009	6944
1	1987	1448188.50	1395141.25	3104	2783
5	1987	1798783.25	1739020.25	1314	860
10	1987	1716303.25	1663555.00	1043	670
15	1987	1590322.00	1676190.25	3160	1166
20	1987	1457215.75	1582366.75	5674	1408
25	1987	1219056.50	1338175.00	5628	1370
30	1987	1029310.25	1074465.75	4434	1315
35	1987	874845.75	928613.75	3900	1583
40	1987	680794.00	671580.50	3076	1669
45	1987	548746.00	565289.50	3383	2167
50	1987	481842.00	492992.75	3921	2877
55	1987	362895.75	371704.75	4762	3573
60	1987	313050.75	320532.00	5451	4276
65	1987	211385.75	223349.75	6227	5212
70	1987	162896.00	170448.75	6654	5769
75	1987	97842.50	105677.25	6677	5971
80	1987	55835.25	69047.25	5042	5161
85	1987	39632.75	55983.25	5252	7255
0	1988	321262.63	306956.25	7971	6088
1	1988	1470012.75	1416045.88	2510	2286
5	1988	1822881.88	1761399.38	1107	798
10	1988	1754795.38	1701858.50	1076	636
15	1988	1594299.50	1678033.38	3423	1101
20	1988	1465722.13	1593351.63	6203	1384
25	1988	1252596.75	1374685.00	6019	1409
30	1988	1075065.88	1126960.63	4928	1366
35	1988	905763.63	967077.63	4211	1563
40	1988	711442.50	704857.25	3339	1577
45	1988	565641.50	583357.25	3302	2112
50	1988	494788.00	507491.13	3710	2780
55	1988	371386.13	383325.13	4664	3447
60	1988	325685.63	335339.00	5673	4244
65	1988	219555.63	232676.63	6389	5159
70	1988	169313.50	178053.13	6796	5888
75	1988	102186.75	110816.88	6957	6364
80	1988	58713.88	72348.38	5265	5522
85	1988	41150.63	57999.88	5480	7701
0	1989	324061.50	309547.00	7849	5967
1	1989	1491837.00	1436950.50	2329	2046
5	1989	1846980.50	1783778.50	1091	735
10	1989	1793287.50	1740162.00	1064	624
15	1989	1598277.00	1679876.50	3617	1166
20	1989	1474228.50	1604336.50	6511	1335
25	1989	1286137.00	1411195.00	6436	1451
30	1989	1120821.50	1179455.50	5211	1394
35	1989	936681.50	1005541.50	4283	1646
40	1989	742091.00	738134.00	3372	1702
45	1989	582537.00	601425.00	3467	2156
50	1989	507734.00	521989.50	3830	2749
55	1989	379876.50	394945.50	4696	3496
60	1989	338320.50	350146.00	5722	4475
65	1989	227725.50	242003.50	6285	5122
70	1989	175731.00	185657.50	6878	6019
75	1989	106531.00	115956.50	7060	6499
80	1989	61592.50	75649.50	5455	5613
85	1989	42668.50	60016.50	5574	7407
0	1990	326860.38	312137.75	7405	5648
1	1990	1513661.25	1457855.13	2282	1918
5	1990	1871079.13	1806157.63	987	669
10	1990	1831779.63	1778465.50	1019	632
15	1990	1602254.50	1681719.63	4024	1125
20	1990	1482734.88	1615321.38	6744	1371
25	1990	1319677.25	1447705.00	6575	1364
30	1990	1166577.13	1231950.38	5254	1382
35	1990	967599.38	1044005.38	4403	1524
40	1990	772739.50	771410.75	3536	1674
45	1990	599432.50	619492.75	3315	1946
50	1990	520680.00	536487.88	3784	2702
55	1990	388366.88	406565.88	4445	3340
60	1990	350955.38	364953.00	6007	4575
65	1990	235895.38	251330.38	6356	5036
70	1990	182148.50	193261.88	7030	6123
75	1990	110875.25	121096.13	6999	6410
80	1990	64471.13	78950.63	5399	5697
85	1990	44186.38	62033.13	5698	7861
0	1991	329659.25	314728.50	7409	5436
1	1991	1535485.50	1478759.75	2160	1875
5	1991	1895177.75	1828536.75	1010	714
10	1991	1870271.75	1816769.00	1160	652
15	1991	1606232.00	1683562.75	4672	1138
20	1991	1491241.25	1626306.25	8008	1418
25	1991	1353217.50	1484215.00	7558	1473
30	1991	1212332.75	1284445.25	6215	1476
35	1991	998517.25	1082469.25	5191	1724
40	1991	803388.00	804687.50	4009	1740
45	1991	616328.00	637560.50	3539	2069
50	1991	533626.00	550986.25	4097	2722
55	1991	396857.25	418186.25	4541	3369
60	1991	363590.25	379760.00	6184	4624
65	1991	244065.25	260657.25	6368	5016
70	1991	188566.00	200866.25	7488	6295
75	1991	115219.50	126235.75	6975	6426
80	1991	67349.75	82251.75	5812	6219
85	1991	45704.25	64049.75	6063	8254
0	1992	332458.13	317319.25	7266	5297
1	1992	1557309.75	1499664.38	2238	1891
5	1992	1919276.38	1850915.88	982	691
10	1992	1908763.88	1855072.50	1169	668
15	1992	1610209.50	1685405.88	4662	1201
20	1992	1499747.63	1637291.13	7896	1408
25	1992	1386757.75	1520725.00	7598	1491
30	1992	1258088.38	1336940.13	6179	1505
35	1992	1029435.13	1120933.13	5422	1750
40	1992	834036.50	837964.25	4152	1776
45	1992	633223.50	655628.25	3630	1997
50	1992	546572.00	565484.63	4280	2760
55	1992	405347.63	429806.63	4656	3456
60	1992	376225.13	394567.00	6287	4795
65	1992	252235.13	269984.13	6625	5118
70	1992	194983.50	208470.63	7770	6589
75	1992	119563.75	131375.38	7310	6610
80	1992	70228.38	85552.88	6292	6592
85	1992	47222.13	66066.38	6130	7924
0	1993	335257.00	319910.00	6613	4898
1	1993	1579134.00	1520569.00	1963	1715
5	1993	1943375.00	1873295.00	929	668
10	1993	1947256.00	1893376.00	1121	594
15	1993	1614187.00	1687249.00	4942	1111
20	1993	1508254.00	1648276.00	7958	1413
25	1993	1420298.00	1557235.00	7251	1417
30	1993	1303844.00	1389435.00	6301	1571
35	1993	1060353.00	1159397.00	5343	1730
40	1993	864685.00	871241.00	4119	1856
45	1993	650119.00	673696.00	3752	2132
50	1993	559518.00	579983.00	4018	2778
55	1993	413838.00	441427.00	4719	3415
60	1993	388860.00	409374.00	6374	4902
65	1993	260405.00	279311.00	6901	5489
70	1993	201401.00	216075.00	7936	6641
75	1993	123908.00	136515.00	7633	6789
80	1993	73107.00	88854.00	6439	6684
85	1993	48740.00	68083.00	6163	8220
0	1994	344168.17	327798.50	6572	4730
1	1994	1586205.17	1526197.42	1873	1495
5	1994	1964567.83	1892039.08	904	629
10	1994	1969523.33	1912643.17	1098	636
15	1994	1644326.08	1709803.08	5086	1229
20	1994	1531176.17	1665796.25	7749	1295
25	1994	1434522.58	1568279.92	6940	1447
30	1994	1311951.92	1399994.67	6153	1544
35	1994	1088032.92	1190001.33	5225	1693
40	1994	901373.58	917600.58	4228	1818
45	1994	686628.92	717810.50	3730	2083
50	1994	585916.58	611571.00	4115	2862
55	1994	437079.25	467801.83	4611	3558
60	1994	400169.67	423605.92	6207	4841
65	1994	274444.25	297049.92	6948	5666
70	1994	211431.33	229798.17	7992	6703
75	1994	132633.00	148124.58	7526	6938
80	1994	77168.58	94535.25	6946	6899
85	1994	51851.17	72763.67	6312	8321
0	1995	353079.33	335687.00	6325	4779
1	1995	1593276.33	1531825.83	1735	1512
5	1995	1985760.67	1910783.17	882	623
10	1995	1991790.67	1931910.33	1065	631
15	1995	1674465.17	1732357.17	4991	1184
20	1995	1554098.33	1683316.50	7127	1274
25	1995	1448747.17	1579324.83	6768	1405
30	1995	1320059.83	1410554.33	5902	1442
35	1995	1115712.83	1220605.67	5174	1780
40	1995	938062.17	963960.17	4178	1842
45	1995	723138.83	761925.00	3801	2250
50	1995	612315.17	643159.00	4110	2835
55	1995	460320.50	494176.67	4822	3500
60	1995	411479.33	437837.83	6162	4962
65	1995	288483.50	314788.83	7382	6101
70	1995	221461.67	243521.33	7959	6687
75	1995	141358.00	159734.17	7934	7460
80	1995	81230.17	100216.50	6851	7144
85	1995	54962.33	77444.33	6906	8905
0	1996	361990.50	343575.50	5926	4476
1	1996	1600347.50	1537454.25	1692	1338
5	1996	2006953.50	1929527.25	795	605
10	1996	2014058.00	1951177.50	1043	607
15	1996	1704604.25	1754911.25	5189	1219
20	1996	1577020.50	1700836.75	7210	1216
25	1996	1462971.75	1590369.75	6846	1349
30	1996	1328167.75	1421114.00	5810	1566
35	1996	1143392.75	1251210.00	5398	1824
40	1996	974750.75	1010319.75	4402	1977
45	1996	759648.75	806039.50	4154	2280
50	1996	638713.75	674747.00	4062	2697
55	1996	483561.75	520551.50	4932	3624
60	1996	422789.00	452069.75	6069	4878
65	1996	302522.75	332527.75	7910	6335
70	1996	231492.00	257244.50	8126	6766
75	1996	150083.00	171343.75	8532	7928
80	1996	85291.75	105897.75	6976	7248
85	1996	58073.50	82125.00	7578	10036
0	1997	370901.67	351464.00	6360	4745
1	1997	1607418.67	1543082.67	1726	1400
5	1997	2028146.33	1948271.33	851	580
10	1997	2036325.33	1970444.67	1066	577
15	1997	1734743.33	1777465.33	4895	1218
20	1997	1599942.67	1718357.00	6853	1237
25	1997	1477196.33	1601414.67	6525	1235
30	1997	1336275.67	1431673.67	5658	1495
35	1997	1171072.67	1281814.33	5170	1796
40	1997	1011439.33	1056679.33	4377	1976
45	1997	796158.67	850154.00	4151	2282
50	1997	665112.33	706335.00	4161	2786
55	1997	506803.00	546926.33	4842	3529
60	1997	434098.67	466301.67	5996	4750
65	1997	316562.00	350266.67	7468	6234
70	1997	241522.33	270967.67	8009	6838
75	1997	158808.00	182953.33	8163	7501
80	1997	89353.33	111579.00	6904	7007
85	1997	61184.67	86805.67	7289	9685
0	1998	379812.83	359352.50	8054	6123
1	1998	1614489.83	1548711.08	1863	1571
5	1998	2049339.17	1967015.42	897	627
10	1998	2058592.67	1989711.83	1024	650
15	1998	1764882.42	1800019.42	4811	1353
20	1998	1622864.83	1735877.25	7088	1208
25	1998	1491420.92	1612459.58	6401	1343
30	1998	1344383.58	1442233.33	5681	1438
35	1998	1198752.58	1312418.67	4947	1707
40	1998	1048127.92	1103038.92	4365	1941
45	1998	832668.58	894268.50	4038	2346
50	1998	691510.92	737923.00	4037	2830
55	1998	530044.25	573301.17	4658	3376
60	1998	445408.33	480533.58	5856	4676
65	1998	330601.25	368005.58	7238	6096
70	1998	251552.67	284690.83	7973	6723
75	1998	167533.00	194562.92	7938	7422
80	1998	93414.92	117260.25	6731	6820
85	1998	64295.83	91486.33	7149	8929
0	1999	388724.00	367241.00	8267	6351
1	1999	1621561.00	1554339.50	1704	1399
5	1999	2070532.00	1985759.50	870	659
10	1999	2080860.00	2008979.00	1045	688
15	1999	1795021.50	1822573.50	5102	1331
20	1999	1645787.00	1753397.50	7378	1330
25	1999	1505645.50	1623504.50	6659	1390
30	1999	1352491.50	1452793.00	5775	1533
35	1999	1226432.50	1343023.00	5197	1829
40	1999	1084816.50	1149398.50	4775	2079
45	1999	869178.50	938383.00	4460	2431
50	1999	717909.50	769511.00	4428	2777
55	1999	553285.50	599676.00	4936	3628
60	1999	456718.00	494765.50	6334	5143
65	1999	344640.50	385744.50	7791	6409
70	1999	261583.00	298414.00	8851	7309
75	1999	176258.00	206172.50	8783	7867
80	1999	97476.50	122941.50	7448	7534
85	1999	67407.00	96167.00	8445	10496
0	2000	397635.17	375129.50	8666	6698
1	2000	1628632.17	1559967.92	1678	1446
5	2000	2091724.83	2004503.58	847	596
10	2000	2103127.33	2028246.17	1020	654
15	2000	1825160.58	1845127.58	5290	1369
20	2000	1668709.17	1770917.75	7928	1416
25	2000	1519870.08	1634549.42	7255	1336
30	2000	1360599.42	1463352.67	6165	1544
35	2000	1254112.42	1373627.33	5676	1762
40	2000	1121505.08	1195758.08	4917	2180
45	2000	905688.42	982497.50	4774	2551
50	2000	744308.08	801099.00	4549	2895
55	2000	576526.75	626050.83	4964	3482
60	2000	468027.67	508997.42	6360	4873
65	2000	358679.75	403483.42	7611	6308
70	2000	271613.33	312137.17	9183	7594
75	2000	184983.00	217782.08	8718	8004
80	2000	101538.08	128622.75	7573	7703
85	2000	70518.17	100847.67	8620	10844
0	2001	406546.33	383018.00	8215	6214
1	2001	1635703.33	1565596.33	1672	1462
5	2001	2112917.67	2023247.67	851	632
10	2001	2125394.67	2047513.33	1001	634
15	2001	1855299.67	1867681.67	5347	1433
20	2001	1691631.33	1788438.00	8407	1455
25	2001	1534094.67	1645594.33	7046	1339
30	2001	1368707.33	1473912.33	6311	1549
35	2001	1281792.33	1404231.67	5800	1815
40	2001	1158193.67	1242117.67	5195	2208
45	2001	942198.33	1026612.00	4824	2522
50	2001	770706.67	832687.00	4875	3108
55	2001	599768.00	652425.67	4809	3517
60	2001	479337.33	523229.33	6593	4897
65	2001	372719.00	421222.33	7602	6321
70	2001	281643.67	325860.33	9620	8114
75	2001	193708.00	229391.67	8951	8204
80	2001	105599.67	134304.00	8013	8289
85	2001	73629.33	105528.33	9036	11552
0	2002	415457.50	390906.50	7112	5516
1	2002	1642774.50	1571224.75	1613	1318
5	2002	2134110.50	2041991.75	867	582
10	2002	2147662.00	2066780.50	1031	663
15	2002	1885438.75	1890235.75	5223	1515
20	2002	1714553.50	1805958.25	8757	1468
25	2002	1548319.25	1656639.25	7486	1334
30	2002	1376815.25	1484472.00	6322	1501
35	2002	1309472.25	1434836.00	5868	1849
40	2002	1194882.25	1288477.25	5260	2251
45	2002	978708.25	1070726.50	4842	2546
50	2002	797105.25	864275.00	4994	3045
55	2002	623009.25	678800.50	4896	3583
60	2002	490647.00	537461.25	6474	4995
65	2002	386758.25	438961.25	7756	6394
70	2002	291674.00	339583.50	9692	8116
75	2002	202433.00	241001.25	9144	8334
80	2002	109661.25	139985.25	8103	8480
85	2002	76740.50	110209.00	9166	12135
0	2003	424368.67	398795.00	6913	5290
1	2003	1649845.67	1576853.17	1542	1296
5	2003	2155303.33	2060735.83	783	590
10	2003	2169929.33	2086047.67	959	612
15	2003	1915577.83	1912789.83	4235	1279
20	2003	1737475.67	1823478.50	7394	1437
25	2003	1562543.83	1667684.17	6315	1350
30	2003	1384923.17	1495031.67	5562	1416
35	2003	1337152.17	1465440.33	5190	1728
40	2003	1231570.83	1334836.83	4744	2220
45	2003	1015218.17	1114841.00	4626	2703
50	2003	823503.83	895863.00	4872	3252
55	2003	646250.50	705175.33	5152	3750
60	2003	501956.67	551693.17	6475	5089
65	2003	400797.50	456700.17	7959	6421
70	2003	301704.33	353306.67	10087	8542
75	2003	211158.00	252610.83	9925	8841
80	2003	113722.83	145666.50	8797	9179
85	2003	79851.67	114889.67	10378	13155
0	2004	433279.83	406683.50	6658	5112
1	2004	1656916.83	1582481.58	1449	1195
5	2004	2176496.17	2079479.92	726	504
10	2004	2192196.67	2105314.83	892	585
15	2004	1945716.92	1935343.92	3711	1154
20	2004	1760397.83	1840998.75	6606	1396
25	2004	1576768.42	1678729.08	5991	1228
30	2004	1393031.08	1505591.33	5201	1351
35	2004	1364832.08	1496044.67	4847	1630
40	2004	1268259.42	1381196.42	4663	2166
45	2004	1051728.08	1158955.50	4567	2719
50	2004	849902.42	927451.00	4938	3300
55	2004	669491.75	731550.17	5214	3800
60	2004	513266.33	565925.08	6468	4888
65	2004	414836.75	474439.08	8161	6313
70	2004	311734.67	367029.83	9752	8479
75	2004	219883.00	264220.42	10085	9109
80	2004	117784.42	151347.75	9052	9258
85	2004	82962.83	119570.33	10530	13614
0	2005	442191.00	414572.00	6491	4965
1	2005	1663988.00	1588110.00	1364	1163
5	2005	2197689.00	2098224.00	767	532
10	2005	2214464.00	2124582.00	829	569
15	2005	1975856.00	1957898.00	3330	1142
20	2005	1783320.00	1858519.00	5775	1333
25	2005	1590993.00	1689774.00	5444	1206
30	2005	1401139.00	1516151.00	4588	1332
35	2005	1392512.00	1526649.00	4411	1705
40	2005	1304948.00	1427556.00	4313	2139
45	2005	1088238.00	1203070.00	4401	2616
50	2005	876301.00	959039.00	5033	3238
55	2005	692733.00	757925.00	5361	3853
60	2005	524576.00	580157.00	6435	4691
65	2005	428876.00	492178.00	8237	6480
70	2005	321765.00	380753.00	10036	8386
75	2005	228608.00	275830.00	10856	9678
80	2005	121846.00	157029.00	9284	9512
85	2005	86074.00	124251.00	11657	14732
