Period	Age	mxt_m	axt_m	mxt_f	axt_f
1950	0	0.15117	0.33	0.12094	0.35
1950	1	0.00937	1.35	0.00918	1.36
1950	5	0.00386	2.50	0.00360	2.50
1950	10	0.00152	2.50	0.00114	2.50
1950	15	0.00224	2.65	0.00167	2.62
1950	20	0.00322	2.62	0.00207	2.57
1950	25	0.00411	2.58	0.00233	2.55
1950	30	0.00495	2.58	0.00269	2.57
1950	35	0.00640	2.61	0.00330	2.59
1950	40	0.00901	2.63	0.00428	2.61
1950	45	0.01290	2.62	0.00579	2.62
1950	50	0.01828	2.60	0.00825	2.65
1950	55	0.02557	2.59	0.01294	2.67
1950	60	0.03567	2.57	0.02082	2.65
1950	65	0.05015	2.54	0.03280	2.62
1950	70	0.07033	2.49	0.05073	2.57
1950	75	0.09799	2.43	0.07721	2.51
1950	80	0.13293	2.35	0.11383	2.42
1950	85	0.17663	2.24	0.16028	2.30
1950	90	0.24091	2.10	0.21564	2.12
1950	95	0.29102	2.01	0.27041	2.06
1950	100	0.37034	2.70	0.35434	2.82
1955	0	0.13784	0.33	0.11027	0.35
1955	1	0.00904	1.35	0.00886	1.36
1955	5	0.00333	2.50	0.00306	2.50
1955	10	0.00134	2.50	0.00098	2.50
1955	15	0.00203	2.66	0.00144	2.62
1955	20	0.00296	2.63	0.00181	2.57
1955	25	0.00382	2.58	0.00204	2.55
1955	30	0.00461	2.58	0.00238	2.57
1955	35	0.00594	2.61	0.00294	2.59
1955	40	0.00831	2.63	0.00385	2.61
1955	45	0.01183	2.62	0.00526	2.63
1955	50	0.01672	2.61	0.00758	2.66
1955	55	0.02342	2.59	0.01199	2.67
1955	60	0.03282	2.57	0.01945	2.66
1955	65	0.04646	2.55	0.03084	2.62
1955	70	0.06570	2.51	0.04798	2.58
1955	75	0.09214	2.45	0.07341	2.52
1955	80	0.12598	2.37	0.10873	2.43
1955	85	0.16870	2.26	0.15375	2.31
1955	90	0.23176	2.12	0.20764	2.15
1955	95	0.28245	2.03	0.26232	2.08
1955	100	0.36289	2.76	0.34664	2.88
1960	0	0.12480	0.33	0.09984	0.33
1960	1	0.00872	1.35	0.00855	1.37
1960	5	0.00286	2.50	0.00259	2.50
1960	10	0.00118	2.50	0.00083	2.50
1960	15	0.00184	2.67	0.00123	2.63
1960	20	0.00273	2.63	0.00156	2.57
1960	25	0.00355	2.59	0.00177	2.56
1960	30	0.00429	2.58	0.00209	2.57
1960	35	0.00550	2.61	0.00259	2.60
1960	40	0.00766	2.63	0.00343	2.62
1960	45	0.01084	2.62	0.00473	2.64
1960	50	0.01528	2.61	0.00689	2.66
1960	55	0.02142	2.60	0.01101	2.68
1960	60	0.03016	2.58	0.01802	2.66
1960	65	0.04302	2.56	0.02882	2.63
1960	70	0.06136	2.52	0.04519	2.59
1960	75	0.08665	2.46	0.06966	2.53
1960	80	0.11944	2.38	0.10391	2.44
1960	85	0.16127	2.28	0.14790	2.33
1960	90	0.22320	2.14	0.20088	2.17
1960	95	0.27472	2.05	0.25613	2.10
1960	100	0.35640	2.81	0.34144	2.93
1965	0	0.11196	0.33	0.08957	0.30
1965	1	0.00840	1.35	0.00823	1.39
1965	5	0.00244	2.50	0.00216	2.50
1965	10	0.00101	2.50	0.00070	2.50
1965	15	0.00158	2.67	0.00105	2.63
1965	20	0.00235	2.63	0.00133	2.58
1965	25	0.00307	2.59	0.00153	2.56
1965	30	0.00373	2.59	0.00181	2.58
1965	35	0.00483	2.61	0.00227	2.60
1965	40	0.00680	2.63	0.00303	2.62
1965	45	0.00977	2.63	0.00423	2.64
1965	50	0.01398	2.62	0.00623	2.67
1965	55	0.01989	2.61	0.01006	2.68
1965	60	0.02838	2.59	0.01663	2.67
1965	65	0.04094	2.57	0.02683	2.64
1965	70	0.05895	2.53	0.04242	2.60
1965	75	0.08374	2.47	0.06591	2.54
1965	80	0.11616	2.39	0.09908	2.45
1965	85	0.15765	2.29	0.14202	2.34
1965	90	0.21849	2.15	0.19408	2.19
1965	95	0.27100	2.06	0.25013	2.11
1965	100	0.35333	2.83	0.33656	2.97
1970	0	0.09936	0.31	0.07949	0.28
1970	1	0.00808	1.37	0.00792	1.40
1970	5	0.00218	2.50	0.00186	2.50
1970	10	0.00091	2.50	0.00060	2.50
1970	15	0.00142	2.67	0.00090	2.63
1970	20	0.00212	2.64	0.00115	2.58
1970	25	0.00278	2.59	0.00133	2.57
1970	30	0.00339	2.59	0.00160	2.59
1970	35	0.00442	2.62	0.00204	2.61
1970	40	0.00628	2.64	0.00277	2.63
1970	45	0.00913	2.64	0.00393	2.65
1970	50	0.01322	2.63	0.00587	2.67
1970	55	0.01903	2.61	0.00959	2.69
1970	60	0.02744	2.60	0.01599	2.67
1970	65	0.03995	2.57	0.02597	2.64
1970	70	0.05797	2.53	0.04128	2.60
1970	75	0.08273	2.47	0.06440	2.54
1970	80	0.11536	2.39	0.09714	2.46
1970	85	0.15724	2.29	0.13965	2.35
1970	90	0.21809	2.15	0.19136	2.20
1970	95	0.27252	2.06	0.24878	2.11
1970	100	0.35577	2.81	0.33600	2.98
1975	0	0.09148	0.29	0.07319	0.26
1975	1	0.00775	1.39	0.00760	1.41
1975	5	0.00200	2.50	0.00166	2.50
1975	10	0.00083	2.50	0.00054	2.50
1975	15	0.00130	2.68	0.00080	2.63
1975	20	0.00195	2.64	0.00103	2.58
1975	25	0.00257	2.59	0.00120	2.57
1975	30	0.00316	2.59	0.00146	2.59
1975	35	0.00414	2.62	0.00188	2.62
1975	40	0.00594	2.64	0.00259	2.64
1975	45	0.00872	2.64	0.00372	2.65
1975	50	0.01275	2.63	0.00561	2.68
1975	55	0.01851	2.62	0.00924	2.69
1975	60	0.02687	2.60	0.01551	2.68
1975	65	0.03929	2.58	0.02532	2.65
1975	70	0.05718	2.53	0.04039	2.61
1975	75	0.08177	2.48	0.06320	2.55
1975	80	0.11430	2.40	0.09556	2.46
1975	85	0.15616	2.30	0.13769	2.36
1975	90	0.21638	2.16	0.18905	2.21
1975	95	0.27265	2.06	0.24819	2.12
1975	100	0.35644	2.81	0.33620	2.97
1980	0	0.08364	0.27	0.06691	0.24
1980	1	0.00743	1.42	0.00687	1.42
1980	5	0.00119	2.50	0.00086	2.50
1980	10	0.00092	2.50	0.00063	2.50
1980	15	0.00113	2.68	0.00066	2.64
1980	20	0.00170	2.64	0.00103	2.59
1980	25	0.00224	2.60	0.00124	2.58
1980	30	0.00278	2.60	0.00147	2.60
1980	35	0.00369	2.63	0.00200	2.62
1980	40	0.00536	2.65	0.00262	2.65
1980	45	0.00799	2.65	0.00402	2.66
1980	50	0.01187	2.64	0.00581	2.68
1980	55	0.01746	2.62	0.00964	2.70
1980	60	0.02559	2.61	0.01454	2.68
1980	65	0.03769	2.58	0.02392	2.65
1980	70	0.05509	2.54	0.03839	2.61
1980	75	0.07905	2.48	0.06035	2.56
1980	80	0.11090	2.41	0.09161	2.47
1980	85	0.15207	2.31	0.13246	2.37
1980	90	0.21043	2.18	0.18244	2.24
1980	95	0.26835	2.07	0.24295	2.13
1980	100	0.35262	2.84	0.33178	3.01
1985	0	0.07582	0.25	0.06066	0.22
1985	1	0.00574	1.44	0.00523	1.43
1985	5	0.00100	2.50	0.00070	2.50
1985	10	0.00081	2.50	0.00053	2.50
1985	15	0.00099	2.68	0.00060	2.64
1985	20	0.00149	2.64	0.00103	2.59
1985	25	0.00198	2.60	0.00128	2.58
1985	30	0.00246	2.60	0.00149	2.60
1985	35	0.00331	2.64	0.00211	2.63
1985	40	0.00488	2.66	0.00264	2.65
1985	45	0.00738	2.66	0.00432	2.67
1985	50	0.01112	2.65	0.00601	2.69
1985	55	0.01657	2.63	0.01005	2.70
1985	60	0.02453	2.61	0.01424	2.69
1985	65	0.03637	2.59	0.02353	2.65
1985	70	0.05340	2.55	0.03790	2.62
1985	75	0.07686	2.49	0.05975	2.56
1985	80	0.10824	2.41	0.09091	2.48
1985	85	0.14901	2.32	0.13171	2.37
1985	90	0.20580	2.19	0.18175	2.25
1985	95	0.26633	2.07	0.24556	2.13
1985	100	0.35134	2.85	0.33567	2.98
1990	0	0.06850	0.23	0.05577	0.21
1990	1	0.00420	1.46	0.00372	1.44
1990	5	0.00093	2.50	0.00062	2.50
1990	10	0.00080	2.50	0.00052	2.50
1990	15	0.00111	2.70	0.00072	2.69
1990	20	0.00160	2.66	0.00103	2.62
1990	25	0.00209	2.61	0.00128	2.59
1990	30	0.00277	2.60	0.00160	2.60
1990	35	0.00353	2.63	0.00213	2.63
1990	40	0.00590	2.65	0.00305	2.65
1990	45	0.00878	2.65	0.00445	2.65
1990	50	0.01296	2.63	0.00654	2.66
1990	55	0.01886	2.62	0.01032	2.67
1990	60	0.02734	2.60	0.01644	2.66
1990	65	0.03979	2.57	0.02586	2.63
1990	70	0.05752	2.53	0.04042	2.60
1990	75	0.08257	2.48	0.06258	2.55
1990	80	0.11641	2.40	0.09551	2.47
1990	85	0.16177	2.30	0.14283	2.36
1990	90	0.22038	2.16	0.20767	2.23
1990	95	0.31225	1.99	0.28683	2.05
1990	100	0.40276	2.48	0.38791	2.58
1995	0	0.06292	0.21	0.05124	0.20
1995	1	0.00394	1.47	0.00356	1.44
1995	5	0.00081	2.50	0.00061	2.50
1995	10	0.00074	2.50	0.00049	2.50
1995	15	0.00107	2.70	0.00071	2.69
1995	20	0.00168	2.66	0.00102	2.62
1995	25	0.00230	2.61	0.00126	2.59
1995	30	0.00290	2.60	0.00157	2.60
1995	35	0.00391	2.63	0.00211	2.63
1995	40	0.00573	2.65	0.00302	2.65
1995	45	0.00855	2.65	0.00443	2.65
1995	50	0.01266	2.63	0.00652	2.66
1995	55	0.01847	2.62	0.01032	2.67
1995	60	0.02689	2.60	0.01641	2.65
1995	65	0.03950	2.58	0.02558	2.63
1995	70	0.05763	2.54	0.03964	2.60
1995	75	0.08336	2.48	0.06089	2.55
1995	80	0.11785	2.40	0.09229	2.48
1995	85	0.16347	2.29	0.13725	2.37
1995	90	0.22715	2.15	0.19884	2.25
1995	95	0.30284	2.00	0.27520	2.07
1995	100	0.39270	2.55	0.37473	2.67
2000	0	0.05851	0.20	0.04425	0.18
2000	1	0.00269	1.48	0.00234	1.45
2000	5	0.00061	2.50	0.00043	2.50
2000	10	0.00057	2.50	0.00039	2.50
2000	15	0.00107	2.70	0.00071	2.69
2000	20	0.00168	2.66	0.00101	2.62
2000	25	0.00229	2.61	0.00125	2.59
2000	30	0.00290	2.60	0.00157	2.60
2000	35	0.00355	2.63	0.00191	2.63
2000	40	0.00488	2.65	0.00257	2.65
2000	45	0.00731	2.65	0.00372	2.65
2000	50	0.01265	2.63	0.00651	2.66
2000	55	0.01845	2.62	0.01031	2.67
2000	60	0.02687	2.60	0.01639	2.66
2000	65	0.03948	2.58	0.02556	2.63
2000	70	0.05760	2.54	0.03961	2.60
2000	75	0.08331	2.48	0.06085	2.55
2000	80	0.11780	2.40	0.09224	2.48
2000	85	0.16341	2.29	0.13719	2.37
2000	90	0.22708	2.15	0.19877	2.25
2000	95	0.30278	2.00	0.27513	2.07
2000	100	0.39265	2.55	0.37468	2.67
2005	0	0.04790	0.17	0.03612	0.16
2005	1	0.00201	1.51	0.00172	1.47
2005	5	0.00049	2.50	0.00035	2.50
2005	10	0.00050	2.50	0.00034	2.50
2005	15	0.00090	2.66	0.00062	2.64
2005	20	0.00112	2.66	0.00075	2.63
2005	25	0.00188	2.61	0.00107	2.59
2005	30	0.00266	2.61	0.00133	2.61
2005	35	0.00341	2.63	0.00175	2.63
2005	40	0.00452	2.65	0.00230	2.65
2005	45	0.00677	2.65	0.00341	2.65
2005	50	0.01049	2.64	0.00546	2.67
2005	55	0.01785	2.62	0.01027	2.67
2005	60	0.02687	2.60	0.01639	2.66
2005	65	0.03948	2.58	0.02556	2.63
2005	70	0.05760	2.54	0.03961	2.60
2005	75	0.08331	2.48	0.06085	2.55
2005	80	0.11780	2.40	0.09224	2.48
2005	85	0.16341	2.29	0.13719	2.38
2005	90	0.22708	2.16	0.19877	2.24
2005	95	0.30278	2.04	0.27513	2.11
2005	100	0.39265	2.55	0.37468	2.67
2010	0	0.03204	0.13	0.02450	0.12
2010	1	0.00180	1.56	0.00138	1.49
2010	5	0.00042	2.50	0.00031	2.50
2010	10	0.00044	2.50	0.00032	2.50
2010	15	0.00071	2.67	0.00051	2.66
2010	20	0.00102	2.64	0.00070	2.61
2010	25	0.00143	2.63	0.00086	2.59
2010	30	0.00197	2.63	0.00109	2.61
2010	35	0.00271	2.63	0.00150	2.62
2010	40	0.00378	2.64	0.00201	2.64
2010	45	0.00564	2.66	0.00305	2.68
2010	50	0.00882	2.68	0.00504	2.71
2010	55	0.01474	2.69	0.00866	2.72
2010	60	0.02487	2.65	0.01560	2.70
2010	65	0.03863	2.61	0.02662	2.66
2010	70	0.06096	2.57	0.04426	2.62
2010	75	0.09718	2.48	0.07304	2.56
2010	80	0.14690	2.36	0.12104	2.44
2010	85	0.22059	2.20	0.18515	2.29
2010	90	0.31379	1.98	0.27617	2.08
2010	95	0.42441	1.73	0.38964	1.82
2010	100	0.52931	1.89	0.49868	2.01
2015	0	0.02168	0.10	0.02076	0.11
2015	1	0.00128	1.59	0.00117	1.49
2015	5	0.00031	2.50	0.00026	2.50
2015	10	0.00034	2.50	0.00027	2.50
2015	15	0.00058	2.69	0.00043	2.67
2015	20	0.00085	2.65	0.00060	2.61
2015	25	0.00121	2.64	0.00073	2.60
2015	30	0.00170	2.64	0.00095	2.62
2015	35	0.00238	2.64	0.00132	2.63
2015	40	0.00338	2.65	0.00181	2.65
2015	45	0.00514	2.67	0.00280	2.69
2015	50	0.00819	2.69	0.00468	2.71
2015	55	0.01391	2.69	0.00813	2.72
2015	60	0.02373	2.66	0.01474	2.71
2015	65	0.03712	2.61	0.02529	2.67
2015	70	0.05874	2.57	0.04225	2.62
2015	75	0.09365	2.49	0.07012	2.57
2015	80	0.14142	2.38	0.11693	2.45
2015	85	0.21225	2.22	0.18010	2.30
2015	90	0.30211	2.01	0.27048	2.09
2015	95	0.40945	1.75	0.38408	1.82
2015	100	0.51453	1.94	0.49620	2.02
