Age	Periodo	Pobh		Pobf		Deathsh	Deathsf
0	1990	246850.00	237323.00	7975.00	6024.00
1	1990	948046.00	910840.00	1556.00	1406.00
5	1990	1146087.00	1107711.00	638.00	448.00
10	1990	1087702.00	1059292.00	678.00	454.00
15	1990	968497.00	954017.00	1542.00	591.00
20	1990	858225.00	866962.00	2015.00	683.00
25	1990	772081.00	797461.00	1915.00	743.00
30	1990	671020.00	695674.00	1797.00	875.00
35	1990	570519.00	593061.00	1657.00	971.00
40	1990	437768.00	450116.00	1702.00	1032.00
45	1990	318990.00	325227.00	1876.00	1175.00
50	1990	268059.00	276801.00	2417.00	1440.00
55	1990	213658.00	221681.00	2888.00	1904.00
60	1990	182223.00	193315.00	3729.00	2541.00
65	1990	122834.00	135951.00	3834.00	2824.00
70	1990	88974.00	102688.00	4054.00	3439.00
75	1990	57796.00	72986.00	4037.00	3765.00
80	1990	37974.00	50004.00	3101.00	3329.00
85	1990	22454.00	34398.00	3468.00	5046.00
0	1991	245897.18	236393.73	6987.00	5175.00
1	1991	955501.82	916813.73	1315.00	1138.00
5	1991	1164890.55	1125040.09	618.00	419.00
10	1991	1104247.73	1076039.91	659.00	365.00
15	1991	985428.64	971467.82	1538.00	618.00
20	1991	877734.18	887913.45	2100.00	655.00
25	1991	785352.09	812101.36	1938.00	683.00
30	1991	687988.64	713780.91	1914.00	866.00
35	1991	588481.55	613360.73	1805.00	900.00
40	1991	460839.00	475544.09	1919.00	1149.00
45	1991	341073.36	349496.36	1914.00	1124.00
50	1991	284568.27	294482.00	2466.00	1577.00
55	1991	221153.27	230605.18	3050.00	1928.00
60	1991	187350.64	199549.82	3979.00	2566.00
65	1991	127784.00	142156.64	4093.00	2764.00
70	1991	93545.91	108217.45	4327.00	3306.00
75	1991	60978.18	76627.64	3926.00	3673.00
80	1991	39273.91	51959.82	3141.00	3523.00
85	1991	24314.64	37214.82	3349.00	4903.00
0	1992	244944.36	235464.45	7050.00	5277.00
1	1992	962957.64	922787.45	1337.00	1083.00
5	1992	1183694.09	1142369.18	575.00	400.00
10	1992	1120793.45	1092787.82	672.00	410.00
15	1992	1002360.27	988918.64	1848.00	554.00
20	1992	897243.36	908864.91	2418.00	639.00
25	1992	798623.18	826741.73	2111.00	716.00
30	1992	704957.27	731887.82	2073.00	827.00
35	1992	606444.09	633660.45	1884.00	1005.00
40	1992	483910.00	500972.18	1994.00	1191.00
45	1992	363156.73	373765.73	2128.00	1266.00
50	1992	301077.55	312163.00	2490.00	1496.00
55	1992	228648.55	239529.36	3037.00	1983.00
60	1992	192478.27	205784.64	3908.00	2517.00
65	1992	132734.00	148362.27	4250.00	2968.00
70	1992	98117.82	113746.91	4479.00	3385.00
75	1992	64160.36	80269.27	4064.00	3667.00
80	1992	40573.82	53915.64	3460.00	3789.00
85	1992	26175.27	40031.64	3443.00	4918.00
0	1993	243991.55	234535.18	7206.00	5288.00
1	1993	970413.45	928761.18	1430.00	1186.00
5	1993	1202497.64	1159698.27	572.00	444.00
10	1993	1137339.18	1109535.73	670.00	391.00
15	1993	1019291.91	1006369.45	2030.00	597.00
20	1993	916752.55	929816.36	2624.00	709.00
25	1993	811894.27	841382.09	2412.00	748.00
30	1993	721925.91	749994.73	2207.00	798.00
35	1993	624406.64	653960.18	2013.00	998.00
40	1993	506981.00	526400.27	2242.00	1140.00
45	1993	385240.09	398035.09	2157.00	1262.00
50	1993	317586.82	329844.00	2521.00	1540.00
55	1993	236143.82	248453.55	3130.00	1832.00
60	1993	197605.91	212019.45	4031.00	2559.00
65	1993	137684.00	154567.91	4410.00	2962.00
70	1993	102689.73	119276.36	4295.00	3335.00
75	1993	67342.55	83910.91	4111.00	3562.00
80	1993	41873.73	55871.45	3431.00	3786.00
85	1993	28035.91	42848.45	3329.00	5120.00
0	1994	243038.73	233605.91	7721.00	5855.00
1	1994	977869.27	934734.91	1537.00	1361.00
5	1994	1221301.18	1177027.36	586.00	377.00
10	1994	1153884.91	1126283.64	687.00	388.00
15	1994	1036223.55	1023820.27	2318.00	623.00
20	1994	936261.73	950767.82	2946.00	695.00
25	1994	825165.36	856022.45	2474.00	727.00
30	1994	738894.55	768101.64	2277.00	859.00
35	1994	642369.18	674259.91	2112.00	1049.00
40	1994	530052.00	551828.36	2206.00	1248.00
45	1994	407323.45	422304.45	2265.00	1364.00
50	1994	334096.09	347525.00	2641.00	1657.00
55	1994	243639.09	257377.73	3185.00	1974.00
60	1994	202733.55	218254.27	4033.00	2712.00
65	1994	142634.00	160773.55	4519.00	3238.00
70	1994	107261.64	124805.82	4547.00	3624.00
75	1994	70524.73	87552.55	4196.00	3712.00
80	1994	43173.64	57827.27	3706.00	4245.00
85	1994	29896.55	45665.27	3561.00	5392.00
0	1995	242085.91	232676.64	7061.00	5291.00
1	1995	985325.09	940708.64	1306.00	1141.00
5	1995	1240104.73	1194356.45	570.00	419.00
10	1995	1170430.64	1143031.55	670.00	416.00
15	1995	1053155.18	1041271.09	2137.00	647.00
20	1995	955770.91	971719.27	2788.00	671.00
25	1995	838436.45	870662.82	2426.00	708.00
30	1995	755863.18	786208.55	2300.00	836.00
35	1995	660331.73	694559.64	2193.00	1035.00
40	1995	553123.00	577256.45	2226.00	1288.00
45	1995	429406.82	446573.82	2251.00	1476.00
50	1995	350605.36	365206.00	2631.00	1564.00
55	1995	251134.36	266301.91	3106.00	2120.00
60	1995	207861.18	224489.09	3960.00	2581.00
65	1995	147584.00	166979.18	4445.00	3306.00
70	1995	111833.55	130335.27	4574.00	3673.00
75	1995	73706.91	91194.18	4350.00	3813.00
80	1995	44473.55	59783.09	3869.00	4085.00
85	1995	31757.18	48482.09	4084.00	5856.00
0	1996	241133.09	231747.36	6830.00	5083.00
1	1996	992780.91	946682.36	1586.00	1310.00
5	1996	1258908.27	1211685.55	632.00	426.00
10	1996	1186976.36	1159779.45	654.00	414.00
15	1996	1070086.82	1058721.91	2130.00	674.00
20	1996	975280.09	992670.73	2666.00	676.00
25	1996	851707.55	885303.18	2466.00	767.00
30	1996	772831.82	804315.45	2170.00	919.00
35	1996	678294.27	714859.36	2125.00	1098.00
40	1996	576194.00	602684.55	2242.00	1295.00
45	1996	451490.18	470843.18	2438.00	1484.00
50	1996	367114.64	382887.00	2668.00	1701.00
55	1996	258629.64	275226.09	3199.00	2110.00
60	1996	212988.82	230723.91	3910.00	2593.00
65	1996	152534.00	173184.82	4794.00	3399.00
70	1996	116405.45	135864.73	4850.00	3620.00
75	1996	76889.09	94835.82	4580.00	4131.00
80	1996	45773.45	61738.91	3880.00	4144.00
85	1996	33617.82	51298.91	4342.00	5962.00
0	1997	240180.27	230818.09	6324.00	4745.00
1	1997	1000236.73	952656.09	1265.00	1126.00
5	1997	1277711.82	1229014.64	614.00	399.00
10	1997	1203522.09	1176527.36	647.00	405.00
15	1997	1087018.45	1076172.73	1884.00	619.00
20	1997	994789.27	1013622.18	2476.00	694.00
25	1997	864978.64	899943.55	2274.00	748.00
30	1997	789800.45	822422.36	2090.00	853.00
35	1997	696256.82	735159.09	2130.00	1147.00
40	1997	599265.00	628112.64	2302.00	1432.00
45	1997	473573.55	495112.55	2448.00	1550.00
50	1997	383623.91	400568.00	2721.00	1719.00
55	1997	266124.91	284150.27	3147.00	2046.00
60	1997	218116.45	236958.73	3864.00	2679.00
65	1997	157484.00	179390.45	4643.00	3319.00
70	1997	120977.36	141394.18	4978.00	3719.00
75	1997	80071.27	98477.45	4778.00	3974.00
80	1997	47073.36	63694.73	3710.00	4035.00
85	1997	35478.45	54115.73	4186.00	6170.00
0	1998	239227.45	229888.82	6144.00	4577.00
1	1998	1007692.55	958629.82	1433.00	1133.00
5	1998	1296515.36	1246343.73	575.00	406.00
10	1998	1220067.82	1193275.27	638.00	407.00
15	1998	1103950.09	1093623.55	1875.00	591.00
20	1998	1014298.45	1034573.64	2721.00	667.00
25	1998	878249.73	914583.91	2380.00	750.00
30	1998	806769.09	840529.27	2253.00	816.00
35	1998	714219.36	755458.82	2270.00	1103.00
40	1998	622336.00	653540.73	2533.00	1312.00
45	1998	495656.91	519381.91	2792.00	1649.00
50	1998	400133.18	418249.00	2932.00	1770.00
55	1998	273620.18	293074.45	3435.00	2070.00
60	1998	223244.09	243193.55	4075.00	2611.00
65	1998	162434.00	185596.09	4839.00	3475.00
70	1998	125549.27	146923.64	5168.00	3898.00
75	1998	83253.45	102119.09	4741.00	4171.00
80	1998	48373.27	65650.55	3900.00	3974.00
85	1998	37339.09	56932.55	4557.00	6079.00
0	1999	238274.64	228959.55	5835.00	4273.00
1	1999	1015148.36	964603.55	1278.00	1075.00
5	1999	1315318.91	1263672.82	626.00	416.00
10	1999	1236613.55	1210023.18	616.00	387.00
15	1999	1120881.73	1111074.36	2162.00	642.00
20	1999	1033807.64	1055525.09	3141.00	734.00
25	1999	891520.82	929224.27	2830.00	745.00
30	1999	823737.73	858636.18	2502.00	863.00
35	1999	732181.91	775758.55	2399.00	1086.00
40	1999	645407.00	678968.82	2572.00	1386.00
45	1999	517740.27	543651.27	2941.00	1727.00
50	1999	416642.45	435930.00	3077.00	1853.00
55	1999	281115.45	301998.64	3415.00	2187.00
60	1999	228371.73	249428.36	4270.00	2785.00
65	1999	167384.00	191801.73	4976.00	3451.00
70	1999	130121.18	152453.09	5171.00	4116.00
75	1999	86435.64	105760.73	4947.00	4401.00
80	1999	49673.18	67606.36	4107.00	4351.00
85	1999	39199.73	59749.36	4532.00	6617.00
0	2000	237321.82	228030.27	5622.00	4027.00
1	2000	1022604.18	970577.27	1224.00	1034.00
5	2000	1334122.45	1281001.91	588.00	398.00
10	2000	1253159.27	1226771.09	603.00	363.00
15	2000	1137813.36	1128525.18	2643.00	655.00
20	2000	1053316.82	1076476.55	4041.00	701.00
25	2000	904791.91	943864.64	3300.00	742.00
30	2000	840706.36	876743.09	2865.00	864.00
35	2000	750144.45	796058.27	2626.00	1083.00
40	2000	668478.00	704396.91	2806.00	1374.00
45	2000	539823.64	567920.64	3047.00	1687.00
50	2000	433151.73	453611.00	3301.00	1948.00
55	2000	288610.73	310922.82	3432.00	2043.00
60	2000	233499.36	255663.18	4090.00	2793.00
65	2000	172334.00	198007.36	4735.00	3317.00
70	2000	134693.09	157982.55	5542.00	4041.00
75	2000	89617.82	109402.36	4863.00	4205.00
80	2000	50973.09	69562.18	4120.00	4260.00
85	2000	41060.36	62566.18	4555.00	6293.00
0	2001	236369.00	227101.00	5375.00	3978.00
1	2001	1030060.00	976551.00	1283.00	1055.00
5	2001	1352926.00	1298331.00	536.00	438.00
10	2001	1269705.00	1243519.00	635.00	422.00
15	2001	1154745.00	1145976.00	2699.00	651.00
20	2001	1072826.00	1097428.00	4132.00	728.00
25	2001	918063.00	958505.00	3438.00	796.00
30	2001	857675.00	894850.00	2829.00	898.00
35	2001	768107.00	816358.00	2794.00	1103.00
40	2001	691549.00	729825.00	2911.00	1467.00
45	2001	561907.00	592190.00	3371.00	1779.00
50	2001	449661.00	471292.00	3624.00	2029.00
55	2001	296106.00	319847.00	3652.00	2104.00
60	2001	238627.00	261898.00	4280.00	2796.00
65	2001	177284.00	204213.00	4962.00	3391.00
70	2001	139265.00	163512.00	5649.00	4308.00
75	2001	92800.00	113044.00	5092.00	4531.00
80	2001	52273.00	71518.00	4340.00	4535.00
85	2001	42921.00	65383.00	4938.00	7044.00
0	2002	233861.20	224295.30	4976.00	3973.00
1	2002	1031345.70	977333.80	1132.00	982.00
5	2002	1341255.10	1285112.60	509.00	368.00
10	2002	1272553.60	1241025.90	682.00	422.00
15	2002	1172886.40	1161894.50	3007.00	762.00
20	2002	1093555.90	1115737.60	4658.00	921.00
25	2002	942196.70	981147.70	3573.00	950.00
30	2002	882469.20	916777.40	2802.00	974.00
35	2002	785527.40	831016.40	2526.00	1180.00
40	2002	709745.00	745040.60	2786.00	1519.00
45	2002	580486.70	611078.70	3222.00	1921.00
50	2002	469820.40	492830.70	3651.00	2200.00
55	2002	319588.90	345648.70	3761.00	2351.00
60	2002	255529.90	279778.40	4062.00	2738.00
65	2002	186324.70	213891.40	4725.00	3546.00
70	2002	144267.00	169277.80	5389.00	4135.00
75	2002	96532.60	118026.20	5047.00	4575.00
80	2002	54945.30	75356.10	4149.00	4301.00
85	2002	44665.60	68754.90	4833.00	6890.00
0	2003	231353.40	221489.60	5848.00	4428.00
1	2003	1032631.40	978116.60	1435.00	1280.00
5	2003	1329584.20	1271894.20	543.00	378.00
10	2003	1275402.20	1238532.80	693.00	423.00
15	2003	1191027.80	1177813.00	3403.00	702.00
20	2003	1114285.80	1134047.20	5316.00	876.00
25	2003	966330.40	1003790.40	4243.00	896.00
30	2003	907263.40	938704.80	3250.00	958.00
35	2003	802947.80	845674.80	2987.00	1145.00
40	2003	727941.00	760256.20	3042.00	1492.00
45	2003	599066.40	629967.40	3405.00	1877.00
50	2003	489979.80	514369.40	3807.00	2347.00
55	2003	343071.80	371450.40	4072.00	2474.00
60	2003	272432.80	297658.80	4576.00	2828.00
65	2003	195365.40	223569.80	5273.00	3662.00
70	2003	149269.00	175043.60	5827.00	4429.00
75	2003	100265.20	123008.40	5741.00	4997.00
80	2003	57617.60	79194.20	4801.00	4832.00
85	2003	46410.20	72126.80	5564.00	8014.00
0	2004	228845.60	218683.90	5317.00	3955.00
1	2004	1033917.10	978899.40	1108.00	977.00
5	2004	1317913.30	1258675.80	572.00	370.00
10	2004	1278250.80	1236039.70	641.00	425.00
15	2004	1209169.20	1193731.50	3036.00	712.00
20	2004	1135015.70	1152356.80	4648.00	821.00
25	2004	990464.10	1026433.10	3908.00	846.00
30	2004	932057.60	960632.20	3112.00	899.00
35	2004	820368.20	860333.20	2785.00	1077.00
40	2004	746137.00	775471.80	2888.00	1427.00
45	2004	617646.10	648856.10	3356.00	1875.00
50	2004	510139.20	535908.10	3906.00	2259.00
55	2004	366554.70	397252.10	4173.00	2473.00
60	2004	289335.70	315539.20	4511.00	2719.00
65	2004	204406.10	233248.20	5062.00	3548.00
70	2004	154271.00	180809.40	5603.00	4311.00
75	2004	103997.80	127990.60	5835.00	4980.00
80	2004	60289.90	83032.30	4751.00	4884.00
85	2004	48154.80	75498.70	5552.00	7824.00
0	2005	226337.80	215878.20	5204.00	3889.00
1	2005	1035202.80	979682.20	933.00	762.00
5	2005	1306242.40	1245457.40	495.00	339.00
10	2005	1281099.40	1233546.60	632.00	347.00
15	2005	1227310.60	1209650.00	2927.00	645.00
20	2005	1155745.60	1170666.40	4391.00	814.00
25	2005	1014597.80	1049075.80	3859.00	835.00
30	2005	956851.80	982559.60	3018.00	872.00
35	2005	837788.60	874991.60	2705.00	1109.00
40	2005	764333.00	790687.40	3020.00	1420.00
45	2005	636225.80	667744.80	3424.00	1851.00
50	2005	530298.60	557446.80	4027.00	2358.00
55	2005	390037.60	423053.80	4356.00	2676.00
60	2005	306238.60	333419.60	4646.00	2881.00
65	2005	213446.80	242926.60	5140.00	3567.00
70	2005	159273.00	186575.20	5557.00	4182.00
75	2005	107730.40	132972.80	6016.00	5117.00
80	2005	62962.20	86870.40	4881.00	4897.00
85	2005	49899.40	78870.60	5832.00	8102.00
0	2006	223830.00	213072.50	4801.00	3570.00
1	2006	1036488.50	980465.00	911.00	739.00
5	2006	1294571.50	1232239.00	491.00	351.00
10	2006	1283948.00	1231053.50	655.00	413.00
15	2006	1245452.00	1225568.50	3255.00	710.00
20	2006	1176475.50	1188976.00	5060.00	760.00
25	2006	1038731.50	1071718.50	4458.00	900.00
30	2006	981646.00	1004487.00	3237.00	952.00
35	2006	855209.00	889650.00	2857.00	1084.00
40	2006	782529.00	805903.00	3144.00	1504.00
45	2006	654805.50	686633.50	3648.00	1965.00
50	2006	550458.00	578985.50	4239.00	2459.00
55	2006	413520.50	448855.50	4730.00	2697.00
60	2006	323141.50	351300.00	4683.00	2935.00
65	2006	222487.50	252605.00	5259.00	3522.00
70	2006	164275.00	192341.00	5832.00	4198.00
75	2006	111463.00	137955.00	6091.00	4963.00
80	2006	65634.50	90708.50	5041.00	5114.00
85	2006	51644.00	82242.50	5957.00	8365.00
0	2007	221322.20	210266.80	4847.00	3476.00
1	2007	1037774.20	981247.80	902.00	724.00
5	2007	1282900.60	1219020.60	519.00	309.00
10	2007	1286796.60	1228560.40	667.00	391.00
15	2007	1263593.40	1241487.00	3665.00	690.00
20	2007	1197205.40	1207285.60	5680.00	792.00
25	2007	1062865.20	1094361.20	5029.00	876.00
30	2007	1006440.20	1026414.40	3701.00	982.00
35	2007	872629.40	904308.40	3193.00	1152.00
40	2007	800725.00	821118.60	3249.00	1433.00
45	2007	673385.20	705522.20	3747.00	2007.00
50	2007	570617.40	600524.20	4366.00	2458.00
55	2007	437003.40	474657.20	4959.00	2779.00
60	2007	340044.40	369180.40	5094.00	3060.00
65	2007	231528.20	262283.40	5574.00	3574.00
70	2007	169277.00	198106.80	6045.00	4391.00
75	2007	115195.60	142937.20	6255.00	5200.00
80	2007	68306.80	94546.60	5305.00	5196.00
85	2007	53388.60	85614.40	6229.00	8781.00
0	2008	218814.40	207461.10	4781.00	3526.00
1	2008	1039059.90	982030.60	786.00	627.00
5	2008	1271229.70	1205802.20	432.00	301.00
10	2008	1289645.20	1226067.30	671.00	389.00
15	2008	1281734.80	1257405.50	4087.00	753.00
20	2008	1217935.30	1225595.20	6239.00	869.00
25	2008	1086998.90	1117003.90	5161.00	916.00
30	2008	1031234.40	1048341.80	3943.00	990.00
35	2008	890049.80	918966.80	3245.00	1158.00
40	2008	818921.00	836334.20	3326.00	1487.00
45	2008	691964.90	724410.90	3837.00	2010.00
50	2008	590776.80	622062.90	4585.00	2461.00
55	2008	460486.30	500458.90	5279.00	3113.00
60	2008	356947.30	387060.80	5377.00	3226.00
65	2008	240568.90	271961.80	5771.00	3743.00
70	2008	174279.00	203872.60	6222.00	4446.00
75	2008	118928.20	147919.40	6676.00	5338.00
80	2008	70979.10	98384.70	5749.00	5631.00
85	2008	55133.20	88986.30	6749.00	9543.00
0	2009	216306.60	204655.40	4888.00	3689.00
1	2009	1040345.60	982813.40	788.00	676.00
5	2009	1259558.80	1192583.80	439.00	327.00
10	2009	1292493.80	1223574.20	612.00	354.00
15	2009	1299876.20	1273324.00	4051.00	762.00
20	2009	1238665.20	1243904.80	6103.00	855.00
25	2009	1111132.60	1139646.60	5096.00	1023.00
30	2009	1056028.60	1070269.20	4023.00	1026.00
35	2009	907470.20	933625.20	3207.00	1170.00
40	2009	837117.00	851549.80	3357.00	1542.00
45	2009	710544.60	743299.60	3858.00	2079.00
50	2009	610936.20	643601.60	4729.00	2537.00
55	2009	483969.20	526260.60	5524.00	3139.00
60	2009	373850.20	404941.20	5663.00	3421.00
65	2009	249609.60	281640.20	5751.00	3726.00
70	2009	179281.00	209638.40	6201.00	4516.00
75	2009	122660.80	152901.60	6628.00	5256.00
80	2009	73651.40	102222.80	5706.00	5821.00
85	2009	56877.80	92358.20	6622.00	9478.00
0	2010	213798.80	201849.70	5102.00	3863.00
1	2010	1041631.30	983596.20	833.00	620.00
5	2010	1247887.90	1179365.40	449.00	335.00
10	2010	1295342.40	1221081.10	598.00	341.00
15	2010	1318017.60	1289242.50	3822.00	762.00
20	2010	1259395.10	1262214.40	5535.00	853.00
25	2010	1135266.30	1162289.30	4783.00	952.00
30	2010	1080822.80	1092196.60	3810.00	1087.00
35	2010	924890.60	948283.60	3070.00	1225.00
40	2010	855313.00	866765.40	3034.00	1548.00
45	2010	729124.30	762188.30	3757.00	2000.00
50	2010	631095.60	665140.30	4687.00	2600.00
55	2010	507452.10	552062.30	5517.00	3282.00
60	2010	390753.10	422821.60	6044.00	3612.00
65	2010	258650.30	291318.60	5919.00	3953.00
70	2010	184283.00	215404.20	6536.00	4909.00
75	2010	126393.40	157883.80	6742.00	5494.00
80	2010	76323.70	106060.90	6449.00	6326.00
85	2010	58622.40	95730.10	7476.00	10543.00
